x <-c(2,3,5,7)
x
x <-c(2,3,5,7)^c(2,3)
x
x <-c(1,2,3,4,5,6)^c(2,3,4)
x
x <-c(1,2,3,4)^c(1,2,3)
x
x <-c(2,3,5,7)*3
x
x <-c(2,3,5,7)*c(-2,-3,-5,-7)
x
x <-c(2,3,5,7)*c(8,9)
x
x <-c(2,3,5,7)+c(8,9)
x
x <-c(2,3,5,7)%/%c(2,3)
x
x <-c(2,3,5,7) %% 2
x
x <-c(2,3,5,7) %% c(2,3)
x